0.329541  0.949327  0.525995  0.0860558  0.192214  0.663227  0.797613
0.504564  0.949327  0.525995  0.0860558  0.192214  0.663227  38.4872
0.637682  0.949327  0.525995  0.0860558  0.192214  0.663227  58.6963
0.735761  0.949327  0.525995  0.0860558  0.192214  0.663227  74.8006
0.810762  0.949327  0.525995  0.0860558  0.192214  0.663227  86.7271
0.865775  0.949327  0.525995  0.0860558  0.192214  0.663227  96.7918
0.898943  0.949327  0.525995  0.0860558  0.192214  0.663227  104.483
0.92571  0.949327  0.525995  0.0860558  0.192214  0.663227  107.304
0.948091  0.949327  0.525995  0.0860558  0.192214  0.663227  110.578
0.963785  0.949327  0.525995  0.0860558  0.192214  0.663227  114.483
0.972504  0.949327  0.525995  0.0860558  0.192214  0.663227  117.387
0.98192  0.949327  0.525995  0.0860558  0.192214  0.663227  118.461
0.986695  0.949327  0.525995  0.0860558  0.192214  0.663227  120.896
0.988307  0.949327  0.525995  0.0860558  0.192214  0.663227  122.003
0.994169  0.949327  0.525995  0.0860558  0.192214  0.663227  122.023
0.995112  0.949327  0.525995  0.0860558  0.192214  0.663227  124.452
0.994519  0.949327  0.525995  0.0860558  0.192214  0.663227  125.017
0.996167  0.949327  0.525995  0.0860558  0.192214  0.663227  124.894
0.997821  0.949327  0.525995  0.0860558  0.192214  0.663227  125.866
0.989313  0.949327  0.525995  0.0860558  0.192214  0.663227  127.042
0.990507  0.949327  0.525995  0.0860558  0.192214  0.663227  123.077
0.993833  0.949327  0.525995  0.0860558  0.192214  0.663227  123.185
0.99124  0.949327  0.525995  0.0860558  0.192214  0.663227  124.55
0.980041  0.949327  0.525995  0.0860558  0.192214  0.663227  123.216
0.975619  0.949327  0.525995  0.0860558  0.192214  0.663227  116.923
0.992129  0.949327  0.525995  0.0860558  0.192214  0.663227  112.994
0.991141  0.949327  0.525995  0.0860558  0.192214  0.663227  119.734
0.980368  0.949327  0.525995  0.0860558  0.192214  0.663227  119.061
0.991392  0.949327  0.525995  0.0860558  0.192214  0.663227  112.903
0.992038  0.949327  0.525995  0.0860558  0.192214  0.663227  117.375
0.991824  0.949327  0.525995  0.0860558  0.192214  0.663227  117.511
1.00264  0.949327  0.525995  0.0860558  0.192214  0.663227  117.258
0.999746  0.949327  0.525995  0.0860558  0.192214  0.663227  122.819
0.998802  0.949327  0.525995  0.0860558  0.192214  0.663227  122.397
0.99731  0.949327  0.525995  0.0860558  0.192214  0.663227  122.661
0.992847  0.949327  0.525995  0.0860558  0.192214  0.663227  122.519
0.995194  0.949327  0.525995  0.0860558  0.192214  0.663227  120.604
0.999635  0.949327  0.525995  0.0860558  0.192214  0.663227  121.783
1.00055  0.949327  0.525995  0.0860558  0.192214  0.663227  124.332
0.995812  0.949327  0.525995  0.0860558  0.192214  0.663227  125.566
0.994161  0.949327  0.525995  0.0860558  0.192214  0.663227  123.93
0.984043  0.949327  0.525995  0.0860558  0.192214  0.663227  123.338
0.989976  0.949327  0.525995  0.0860558  0.192214  0.663227  117.987
0.996829  0.949327  0.525995  0.0860558  0.192214  0.663227  120.04
0.995827  0.949327  0.525995  0.0860558  0.192214  0.663227  123.238
