2018-01-02,114.37,114.88,113.75,114.31,6090195
2018-01-03,114.75,115.58,114.46,115.45,6957883
2018-01-04,116.05,117.16,115.83,115.88,7818401
2018-01-05,116.79,118.79,116.22,118.65,8604864
2018-01-08,118.4,120.27,117.86,119.13,6639377
2018-01-09,119.76,119.76,118.45,118.9,6372012
2018-01-10,118.48,118.84,117.26,118.77,7503141
2018-01-11,118.59,119.77,118.47,119.63,5992386
2018-01-12,119.91,120.14,119.5,119.88,5594506
2018-01-16,120.97,121.73,119.7,120.18,8243026
2018-01-17,120.99,121.95,120.52,121.77,8004397
2018-01-18,122.31,122.98,121.82,122.9,8671578
2018-01-19,122.84,123.44,121.71,122.49,8248927
2018-01-22,122.66,124.11,122.19,124.11,9368751
2018-01-23,124.38,125.29,123.99,124.43,5691136
2018-01-24,124.83,125.23,123.49,124.33,6516565
2018-01-25,124.78,125.25,124.41,125,7164616
2018-01-26,125.55,126.16,124.54,126.1,5613845
2018-01-29,126.52,126.66,124.47,124.62,6267804
2018-01-30,123.6,124.07,122.63,123.34,8165988
2018-01-31,123.56,124.26,122.83,124.01,7341521
2018-02-01,124.52,126.04,123.88,125.5,11161271
2018-02-02,123.5,123.5,120.49,120.7,13707535
2018-02-05,118.49,120.92,114.81,116.07,16531469
2018-02-06,115,120.09,113.05,119.76,19086511
2018-02-07,119.88,122.25,119,119.44,9307233
2018-02-08,119.32,119.49,113.34,113.66,12682444
2018-02-09,114.35,117.01,110.83,116.12,17710886
2018-02-12,117.59,118.63,116.68,118.26,11541031
2018-02-13,117.65,118.59,116.93,118.14,7812552
2018-02-14,117.42,120.74,117.3,120.62,9222203
2018-02-15,121.7,122.31,119.97,122.28,6920110
2018-02-16,121.63,122.99,121.57,121.85,6370754
2018-02-20,122.01,123.05,122.01,122.01,6182793
2018-02-21,122.05,122.83,120.42,120.43,7673446
2018-02-22,120.67,121.38,119.617,120.38,4993671
2018-02-23,121.57,122.96,121.221,122.93,5036808
2018-02-26,123.58,124.6,123.32,124.59,6256942
2018-02-27,124.7,125.3,123.35,123.37,7287215
2018-02-28,123.65,124.98,122.88,122.94,6780867
2018-03-01,123.26,124,119.62,120.4,8819616
2018-03-02,119.09,120.98,117.86,120.77,7581920
2018-03-05,120.45,122.31,119.44,121.88,5810235
2018-03-06,122.83,123.24,120.67,121.06,7450671
